87736
54207
0
1833
5893
3608
61835
54197
0
0
12068
5335
38465
44728
32464
26143
22299
0
0
0
0
0
13831
6288
465
1247
2173
4186
8349
5886
356
1201
2004
3429
4434
3764


BE
0
28774
0
18394
23960
22796
26004
34024
0
0
28203
22835
46448
47475
55704
48816
39388
0
0
0
0
0
28997
21003
7059
9972
12092
15365
22643
19404
7406
10155
11787
14318
17677
16215

P
13264
11555
0
1892
1962
1876
11040
10557
0
0
2250
1928
9522
8797
6772
4730
2953
0
0
0
0
0
1814
1393
455
497
582
750
1126
1172
419
461
551
635
917
1130



